7597523607773330429184191966236852008764600219298159738518019286511148289933702
3559776119442621373032690864084456416126344723014283457033142118567500661797046
514849186535310900904420146686208573239471083050530253773510000771672964857623
4562607918045550235335476456586888018566962460579543730684297099043102900858031
6029786935142664121326237513817376053815160463037406252759470830967158452959093
9282473843734459831258692696390423149101892241314458560269131230560337996953536
5910276292969276520103193662582514438886678726009638486452844332843558164839474
6596384144831763622988564277195093071772082274106984901326614789045059102980025
5033759156719718997725376425829580762110785982272050649044131237920991975679551
4203394206747842458986085518217799749108510064110030772219778823659357918354401
6088571419156787565783080078137172468314372811873568936527771899775075833781271
6099163992941699752443807253350212408698878225606758653012685294546392872090007
2746109580497508720721948240633383598904768373472736410837958285659015578563217
2222161822228846332281482264221453472816008916173820193028660989181988373188342
7592041136124966314040827500665103011162959671870731581589869109850413915006392
9112025532628749284816118065969405676980907599991565525136504902219291770881636
7391692460040182024686637211917084128752021203392302744557271170681851219295493
8692897523315172508257168866788067322182642614823940948240456529236732110998684
7763838960289692084988897610839727271562506208178039806336779260936908777204642
7272332689116815616107438002020725722098438171571041602289693025023780999827597
6492226890693138575747498244003729143253212479740654234483772333421260704947314
7135450557644660799239499993505148180260421808914425403468555754629060011620331
4513985105758314453465792894717367267026680727176224657513279745093630500841243
6218953805044616983012470809037057351132003166591510978706888859868171577732153
5442300015133290465360266314782253025746367179537440112753412733550285951313568
9570258102708332983164702386768818782035356918260709860063889638799888922249722
2202600521271864226105176209167754270412728377900529821276152127712746851025446
3751531985050222830047365584798069011067750236889555007158977787007088905557862
5640449908641021053292721854368121459283940424924591711491955293528664454781255
1626539882037202595953974106237866920919937137945386471113120361900014458939523
7135743529140909727013533107160868064894397336519590344861522802252396285216921
3031524990473385027971631901934464787258200617699935432767575213951121215882243
2591849444414157731217795921356446133575112971022749796193100524390230216855556
7894573667765471369381455171776501351106903625065765663885901784859966656308631
2832076095819336267098524196451527515724279943541122744088469594836628721443049
742507733293779999217787235127409744323531328880138437124221436447464640239133
4948379971631655120735248209574612709935076271562881725612251351310288873243905
3256782764122679351558511937511128631316493930492272767357813718134980793992088
9143752866147892121936357995584844109837088358823944717890322990159231448142431
9867166028189024376098904574493357914660576347926268891393047631053100606945804
2805491064694436307103391469300305609052139196551708953004517900939526193138478
3085388684813976214371200156305319606675508304862375620431122685296526599650203
103461789047799511662329314910334247533099154230187682142019535216622686508187
7830380845725328072274238411078658161687199837409241817976614153477343469935041
8383249705966400098089713402432013254476462062212922714469823336299457092026668
3295007087888623344412345107248947971117053684905214999631792681963021486444171
4990296494164025433861299869032433230443087598133788458380450698373386723658051
6835080513940416438281562028502478334637080975402876957425139472616166899477759
6517649106031330405486255610817719138540938135856300259277820166869331384455222
6039977836457698316731630065030075881995764125447535340402691825380685098723831
4016859935179008131265455105549534163773617884122604797564053684462946709971646
1725106708743014326558730925176303627615752036351634608828312340826110111263901
4004391778683164539091959685982483568894071641849543573553796775513658695134332
2261929251152105526481940354538700845549102794779201729380609142493792385410601
6972304255061803898864525910968073436634717333674763215734405541241577744285053
4584789481511680123594176489768566381495472108486652847135626736907331819594172
9706356020666417044376832831287907444222393554132651766409559175830770473783014
5146058551186711491541593025118456036583749477333721318616059208252142444072247
1400119199024579287524153138461652726570152800379634108552500639237861358042031
1311975321743209273761472204551400658074564975030277309513836189525810720105982
4371255305415003739292550057916728381574526966152712241912506021735268482790151
2004573155842083694636985502876025492718263220968475254410209131445037422917452
8636158981435439649152157086344272259956283155650083302614150663025139596567401
9117155692676151792505104970743186328201533879164261167752578673539132313487032
7736104623164291174586985456670818132519413941674650057183710302259850641028693
235647880916706185163643559374948033668803775481456673092790464285038222657767
5206561790959541051791771922318451139330422893379737885067820153278152087100825
7211589623314094274612839207709560672680102152520397684335069229833502516983641
8652068251314217221199171828509448416698777763498884687146365563679470819064083
6848047166687404393047456676108870513558533449247620043514003956179398861170532
764123462109680834716306222062272252113091555224953751414478754648857137218622
2811447021689995269763048445318119571236421404623978468731294549200587285336876
6072955038272953176029337345871830399667852473352722877882053901015288661135803
1463629700569946154159433100410612261009568303054269726210129096405928727933286
9230518154820048124322627341844332067150089832178289410178631826031967338041154
1565720770712589216150660219025106724557806654356365089445866611514472759410944
7090801355019873014131841476225550316503892871206922240895663169149250363704588
9735695884474473132986854875767581846066864828080947255718405581568947714133123
2695421147494463204920070103381425508993575743989108141356638700324017470510567
718513854937826057256311470345527764719437839560235825323717052216375900624202
7999797202837431696558981771255950866459453520964487561016396109115483842437663
3100379063384486500630250338992814059850015429435701004305187414643035669643701
7031044154572300227062587154556686109591135829061580000270668187107609760136028
5247987773314954118121010433772562978403259646013399851001836427967893476552592
5589700672144842469556955045341589472188125062571764911043321171423402990364851
7597144652056030915875510839622757844047101132633289634555686928749312041377792
2288904652865498160969349865744765198405742911336251173981106138322994516774046
5301142634365798749625993402786430681304516942864044497143249238253045199807493
828349203056435924436702322841907800839344214072981152511457740846596878462571
366748311802951915935564943099971126393117739134571061002142568228629188101251
934440243718544452172883725207005450397348696098378688325702135500590126132044
1455844645310250500995741318728274309811149116363886773557176490733609766295705
5856343470687814594683556046749184393065928674029937421515602192969339519017724
5720850225100556109772706165770444190678200454999749713857888864393117488135474
3833990155976160777169066902564252166422387230907309874258171493182577004694573
7463709918629823862180747224087157061758800153805377718458912140332434775392686
4821279014251428821387020037226895594230884483791964159092225474180969765274635
9397001805250758022471663945210829686016823470736813726705650420313931947316876
266735052747482394849533273151224193174000545139424409604937984653577726998635
4457086673399531817303028848223957630665890473678106589900194910867176189503281
4407142554597314805534164394673745347694016725771936688388339569797871222393903
679815492617740125036147813326848826793595771836354491289788272385812969024672
4653388823437293111571283867145507674250173436289186304592020114282309104918012
7643868199230338464805812182069617240273427942252536909534927669067657487490674
9531257946497197950456045069213420587012899436552587879540780622183559741679086
3763634377236288496675143178444280070188043962874990836156930331934371605137816
1428176674205970224151504538375580356718368926435379866781519944039108287162075
4138076907948480583714036615331097504384789361218314230846061722206668492630353
7947986042965602129694181145492425707220881280203823127162446535583316163622741
7468138680240328828283908943292812143207100653575349270019093304974346047395001
2723610062616289760076148180482519253090247744619082820605437320049050363466935
9141387556503732752006528972027643843644149541749491477941461754866788354026422
6353447640396879535489049304614110909219102506410740754286331697486426799394704
5437576640537569319094125863765509299456513924157248111966010581788725162571701
5276907594429326114185059777148548903928497167377173173562192008963908626179522
9285935284741452920237423976062653634447746305476049238187333155185222202514761
5979358927999664122498320824962871184125731026966152894757571103121285584217674
2343376613700142161490655255465910582098917482300566121635547478349057104971485
3636977715982835711356305197637257396605730579543995469505664591185935632863994
4568520084131268855485679596581022423841367802014963262345250042922431066459404
8514538903929346934112927271054917316935475902323584666058922576931627498450693
639536128838782531556930432212730282095122156304429651670942228404889898762002
5738840500893508120805978811871380263099880358132592835215956741524907432954411
6349336567652038837222434997838777425303503542653417984179791044249519980374783
425340250073843176641757407517313548474155087889087869316119445031842787384601
3305197612001893347233901875073483374897248017544625334005474019420541039408391
8940386043880409586715794695767922233365596481233366251866971370080588653785551
385904238749212989415506156829537322252654451588705646693381507344182461952623
6490019396024862156535840207467845193112061401489127590546632121502457325974237
6498041812205415064454199157150865894725869158777850205409090958175865484475231
4689948807208924762837889317670910853715825796172580066898339869401586404222431
53226204610667366294839785975340324871250203448822481416854905994458163058415
3170488034497534672118556015991230294928632273309118632544425553348757986694281
7568386067256209977601182658703033743868554209055157705676259919870529398626201
8167758755872807913426146595668305566827495297310507770908065458672449635146616
6411649639869872485432382349499507877793706893013906128546447753410883293831231
6308160066638538774551593316019395223884007647839815537435655069425577630804711
1839684396587118093693024402689934203986146029296824620245599745088942302267799
1165744947536700946794316708501609087344348724959755807715779361906471504150444
8228705292029763187328062173056092483646178905991514674576646292906892717484364
3207301997103052107729354856747889090428370170455057506109814618574665701633241
8075559830749845447108961816017624731959487132913647603976788980288459496581511
5589287743462766308715120530266196656515105299263975600903577201146178527759711
3145250530533843317926049371521911564530446442453552778018216379186789832355792
2237571231991057186981927752724185405954777173757736119201913323449249485144749
2044545154234029878449343902301044885283547652259996580004343847336040922706413
4651438930042739340311073606765988849267750550983825678598702832908252102436721
2689046840527321224520204516187663232269626337273866472233506315075818875301474
1976711268563829340025712073621895616024550356911498383147472052402527135986791
2317611140072456383010193935735718101315515874600555836536547969209627626918019
6854645784552100841398280442855660700947514817921378112168135655783786750101744
5276418327799796050179494575758971326583742785378128566996837128678901747700922
2776651429206190401803865132807723712323414330679769476580962701410112240062761
3900389183380499258009525411820947266600165875846990525291491647983053690404272
6808794524115505920192703445068058835415816343031016625347758210380494903358418
9670722673697611583109083729169155431770593224210419572459344974992259012241412
953481822083068308677609648836291771477174730483601303963476244826534184664517
3746648796872681033656718750820222338293515668876975551011529442200900485640126
1526134806971494889439792923939489030938632900677571533889371871922136158140545
7898381570887007804968604886665343074799662329431717016667314047271986031673586
3921838025165570306659376557017092685645124572345439273974992591494663286988449
6122680413973602927828775652617472241375716298750103835508315914794884646887068
5319299838723655813267202771574830509506499600489112121054878333356178219313047
5537503049570227283211651430934396839254841046086081667670231138961900933163181
3642608494810788732205835255846513190452413820132781964848677640544607804601172
445553611013091588461880993172610060604056767601221424070072069651742930862114
857972322305065869919414602145335894828184497543066551114815775490392665813803
957190127831807350559483023104975012967275876864874680625651618808648128831612
6162143122877492786555904985836317399799926678737639311804910845043467926726546
5604431847081441473952647681340689855060077264463023048193074260909151606734987
6749666932433729002961140375714093824393382089191810870794744378699560914417503
3028100152739238768231208614978210469431512159185659827292200399016889812652691
8645248929998362622985243168694188961401526947875015418289839094635495630091846
9343567082144455292975189546847019785390002733760614551936081999010693069422332
7515985613119626867703600785282406498728890013415518490421760687090223180931705
6322153604973637572673061268812730318526377163124045546776909414814001476352575
9401770052616987229805769848188012415438714008617357222413990032454714508110201
5652796878451366868606382046080132668694751376850176909425305729132009402036935
4864252677444073897767301460757357088865100848295547022514044418370449583541333
2721093350636921394923845149068047846869440782514940055778453123016915265585147
4442177116041800647985182227915319166109113254298125595641843516209618094355222
6117295389203852021357120350788983004223768410302694633167799193480740310891992
5365761595080243523803835898678791312185284275409714453913736588273150804828337
9984785125004867086340960691604286413612239336663614005264983842446476828938791
4202698215696871094817072116584170089842409226565129105839135805192260578888489
9659500693219156594368334292003793405410724062885447284733714936738569544209171
9918731558718826806070651464393165891682265600294301042576849187935912373702707
780619457979907159185956225131838367419008502424301223362712047666595801046129
6742594368441764461184729471864182336647521703668072599416556688632207273122048
5701962234577286111779301362132082874775809665682867303904230091813935934902491
2203978971453328656047395667804016225140988062069048609623096932897947965182363
1766363624649155111505145168248966430322571987789757547953605430060321302244072
6206752304233092842948500910268727787835949359700621770801363836299918228566592
2323710963915235807679718192090174128966243651429102340400430813378900649484848
1670918653054395763624651389798104955089254690400969700632696571238937268800954
3437030330082555864929148900980978358654950240086941177821902625843547096946961
9645205960064039523136312455493915262237257501751379731317614772844941340650032
9968281339643249101051204129324350663067703628104165374192372268855910790118696
3808511247016565133976142026038733400145705065692368694904081171579894462037869
2330337905467226309328697043782635897762922704806100714009689824256470717520246
3891957789927637963847183846738390983492213300179311449916517674246859615862274
3946641042576298645045022458990777325894553892769842170172227208821454051904797
5424127054783452289933044838507978752780423654421513482593556308709839535308619
1888728705068887579921758574121497464004178437047590244746912983094520031444022
892021824849138054554595192235714973684164895532820635711620260764357472196775
8656436306036501801582103045318946544634330032640375320054930520307760646379813
6224764019673547766707377029032009255604840104404715014444175359556472146062632
421204746163600038353598077034182175797531321069620166034710451333178936134378
1054296390423153107413575472908860828973459110831008786896749389061571660567571
9042751093785627557544154020628222304189188371309652364891514877193894846876961
2604582865794720214277229481238213529522999211751558213117733961503315746995563
4217258788793159546496580247610629370320596815494008602239003086023530491576341
7729816991385834949342413951037816000441361132258822978914296956689090558159771
3590394281727619425001067096829933947426061255474703685481870649312654549835167
3072113654284351068542037044015019655795462432561437637869628249997495785679553
1791131144158902326384058044789518293451935491716272368706368773205613389118847
1115136252913904557313613384719537905066060679386791317413171605217218894938933
1806833211397522378651435627327588244517416598419319713614989374740265908753792
2743371215483474847472232484760618754532952955231237817878724635421236049438073
6599466402192397754375943870296184951146969206010071852722269068487169123064142
7283290979742457344002238791209373336280916894315950215335077654964270739607651
49634828987812003323172484145602625273249659956284597073001179791661224620024
8947319851159551840727661606435478927803193755664133171859138720641196300935709
8427656495009527069051192020834540481436231839352556345480469823567906943897823
5743776402699124415061069166205742828764750684222248827344413753089960818547081
3917286125801077814747423950797021257461149589208818675686314122945005326818093
8196312143787977309041479709747624023365729792591633812017465543145265388948058
3477511801044489842904133488089399923156312194787932941912842229708670421138631
8066035139885961744541863840481295101162319932483289689265101663562415203436852
1342912210889591878820626583525781395105549111243360892806193842485674838375611
7498813868770144936867318070470881048609592301092493981115357169591908031557091
8973797614311482222988587945452614440698561673998296402932568392458737771542265
769441802600768488458130052250613524070735182491192992670325372091614660956833
768504757490645118055163723076223612324036050326747033529594495659195799373727
6353748920381681254267963113258886392583105116980083406045099561728596542465817
4156295507941581285409273756117767874994557053389372620856490680125897490622701
3108656279439977930637772286806391370995582514153979099912001871388259591838351
3161597522487587194926177447530942526840763474391948594718996926775562109408248
4242817086783763035129083352142808062119632002307479894791523648224552692158799
1451241077299233228708626124674394516210051900429778485750367548607087873530981
9788205374318510590242916216032488626989621809802756965090831942108075489673414
9469085328593029132907788026550256045271140640714089598927836735337311251292708
3391275762787823597559880798268181965527126142661569560630102403204198248535975
8581201132364926202443775036058020459799546098098670011002339860872196824102102
7489456472108147471401112274591518037442874898180346013149886678507597224115612
9028277285616768569689927413150668999874908669907376142940749162332741664862555
5274513604967126659174020965912756926594482956162306461906798432476394638987953
3048391191824160220633690525294337508421114109661171666285631419991286332756661
1944717005776100057334868060594385899439601529227163533376062403540643801859296
545594592720954149335417409419021692625560685803388752957463077945626798486377
8823065061084810979892975418825835180964408625906283966332484667553257725227332
5936247909763767615604405478961530617947438260538175451286504667074477962788582
859839677110835315773979618522107202453712023073433218558157402972170928004345
457144507271501714229793700531111420024712835934361764308048976986750073988022
6738002258741193910223487709572042226329754632788570893729280008696488849795893
8002924743002068373117278484136079974663140547377954873446718623213955308098291
9541852094366048790021649295704412860999767681413189556361927784692502183767701
4487204596818008931956755296904650495152198954539991933395071805813664803346526
1684460945826642863881047136516064440675224480534325098679277042978680602749033
5498230713440591450701762390255632965935613367926099589188099771084632447119381
6836229069161459418312890270584577008189438410068958728405813978338123915184252
1162195787198270226319197303405547692527459182551537852715660627566297247829222
3857330295952982518717586458207163370931627779007217915951564342762664294565944
5336063585479812214097860764798262346016272377625453726421633118401185603632927
4652810804659003421144503723326425109288170518800832724046762261207174476851781
4319831139084320714866922239160772701245612429853147371924024851417920637305574
4091562306555606498864786095664793398440971166676631864696961865204666122192622
2656504382857332894427204792968665263276386267626093787645976234266895686984131
7823216827100016078831016598826412604161015565467298950214129799598364821720571
5153506097093353708773418095851660269110900872148634671364625669397295141427858
4327482322581008816864524294165714088610575759767211769221563901371737460831231
6797925919149482646235873109999729966924960383706542725031308470809280533133032
2163159621754774541197775206187989379086749121115317880635827170275586493847012
1800397800075103578174776409714464861225632734682285163105227728213913231923422
8603586687127172168029668697867935238482518191400514893238997200857462185638753
4529003974995135131017159883951047603419249611294737560160526334334709562622222
9143697579650981150130204226363032561208529872815481105929655080766054346001363
1224217618282994454433827537047073965170241037912411896357527838248952409425804
2612595960727010804659942743858879665765605851503750577981555960546517312211657
4995037259439880014336666081203093586033004009546337165843326016134523411751841
8132732965151589606666143065404107801289114136982150080219024938168657528219669
4668729777663424606815657226190972433942806195544731675408552666541372010085621
8078116905918800970478396237640651036209655636460557954040460748597073832520294
204005442510921259936931748480664877724900054245882685974123702445932467133811
6888712676100363967248019722904006290080149973277973852355100727241446433858421
7449914640657316509486781846877926331863388742701829367829797917338268241746042
8118160685082621708361956153325672503744694992372714961595005650174162939836625
3928734113204281754207243389784899035832967255197040720649288188673516241033421
4769356945435755141782270809619965495691753817743808178788554426475159529440678
833594128714588709324083855819906169450509855446278712669431650893147323379806
4629940266509986152613079375942950253956544135967835772967051216611212437110261
9332454864030652762442755543046633652338533296882641871348437078018447989046254
8607384280032013558439957314212283284512225419502873269297651483140145998931105
5142185125531170124652752189519617703637339417285605798094923946925864511902322
9083353258999664144966886992361748475360831423555700823924428242598282748362921
1632737754009724946558363579829573462805784146990119310757197422023025738053283
1952967017224128387405298790558390406442494686063080912073013339932477679636431
973216179379659728182617022809460556913847289413165441137596679635182304041708
4103044560875419215510123772885346481612830106077060994324348163536539575242267
5493934858309882596191959567131053203251829094012099846094225232626216466622531
1347059847035334248216093200680862062272972513807135488551175802768393267515052
7966018320378447782716644031181562296313409075904385114333574093273438732927691
7326346891223407252099630832912584991103381206862794466397827323708004934998201
2346123779113390552113744427485306270993050067693414021031806407209378077725544
331664226228080863277343810303207469669096221625362889906017889538963363352505
4253016473546852185652429250957653435076916973537253635302074349195143484950161
8519577078490123799601350721500023250746000624163583615967336203250309901926391
9193676844105181836913426280184438570602303981999985283505142840428351370654102
5357961149531869722561907981677899246246051338247847150908143208346462121214134
4659806105317628232711114832701756343786959901274415787150353879818625584289491
5970175099209563132902926939498724620967583066217368454255516792785652192107284
9637937019099718295298799635522581082011832553308417565680658290649556326862575
4010719948602140261410794856210031169955607871942096089253987321817974574775196
4089337766349399284013729131673132474059613782753102099733704105910930409107701
2311645196100778524538882783736785106166261846394311224674361980730472735677031
8898508574761270156305319447575259680456928766033647006785923535025498882427534
1949450482453647308425503671487344067491224940899282821090232479562677260592113
1760810079487696348500016402956272418549544722634869019271814453859931831427297
514882101381241107896943822304996959726375170874331840390746412419664943005682
1067431577532312120966458316739652006476417389085905894916850360415461296149031
62640633789264978414095404650330978047073474424927108802000282255200678340291
2513143181121640857119649864940290640099412684190314401173380230267930080861039
4204513760944759031832621713249560802803141505560975543784623879764189844105001
9073258099184289027622952706085476842685093366994167577007767113342874105646271
5670314546461571323339573778503572761705141424891232168531096060466821316221873
1957013610444460328604771488208063707988391110463986768840942664919337125416343
3211817299701474227979949454337238163204905855143838811863987722451790343120428
4262978787812803353746437241447872726176949910589594527062558169377585316718611
2984068729304887546678022531995891083841539265955850755055822194897090908212891
9847011444533094376927523854176344522242671281369024352409353467981389313178955
8978275682193899848119197062537373373258238938482326475909022075851115125521758
9002228343916341977516572293523100259615101260871226455169399075405260928253043
5500684512221433688872220660557206649321105484843133013908332597615696807245943
6835686592167848206140453878330923003228345912895425987186988730683207185016352
3917595920658971923830279412038635712956765257507740632819695046545647409157222
283658454390745959240870479570117191409415581525805725312535873622936900325158
7152203181639304891763250206828619361332120399492785656520182433031388461452733
6190990926817942867842567073114031281466476245962901692695283998388618463662053
6407831480806733662820617616334714966644792574921017343542775667770628241381728
2036208363640992392607470810907771835281389229909919599071116567935875837017611
6554975076206716678142337382506573028910994931963435512937613181467959282425221
8477472337633802965220847811576914730674800054207134668696234035642476501754641
6563923786785420936809580483878001646429544719830859981517046284616386704817191
7813052942210861851705265681081225517219749317088773594196053552686632438864841
7599736096492337921662210045730669987088619295560153575743414131365473936236748
3650904793780218521256547878287239379991067790554827257770662734813734096566246
7710624728250709450845379224192483483033285236039844946027561124384498745137024
9837670910735723731197844167544330538919811692712535238585591373519319066048247
7963780666154905136491595593124635301888284406514464252973495073473171347920948
457627470031232379248634402662921009859628568547026992465545417582010067016201
3869535919144347989536998774637980173913690330583977514601613189983801221928204
2355305971136667675747268562979521604911636792756221425650433133172360846246257
8576084555953475170427384344324446278170716455068785711601728833367757157973525
3742871419168519031276919118605162843344174522205734173012914333382178229322512
1104397441184922359690443481008882637639688149600718100202712799176933495175935
3007959256627967200264591907628094767032538721946527559495905287021011717139962
7285409208395949137472785193034277705768386095218826002209610951572862175443606
1688412140104602371627688746564685758314623521782580387124086214721008106942124
1456884066118335352802459039964457257957379434349154415537541423160172435172881
7700480111370540060269344755598053792564666878836673224539346779472960844477034
9442209615814178584397898725343631735278660661068077719558318527648465900521337
8898675650328552660397196849722861497049321219032399687150567359731066026592365
2955070313461019637374996469770373648194771432606629406165649912078584515353113
2474831515016108073736850761838769352306468704875179322901931272767996830387705
3319939522044355860862233791516706973020177150355332647335749738440109100998168
2304648740944988561251367897680785009063473026939518416431436475403580948766261
1674707840007774966106594057321172840632376775899816622571019700630894277417224
2882007272887456513872915276182386276902596049001132173144292296962552083635371
7587863970734584554504913318905301412067006379671359011740445484755348367123593
500037693662484618912571065693407857064190432365609666500549993629887304696236
5055080655928321886137970425249108882961795825133099797203647467067741459892779
4870437080826860633711732190614097019402955447381274817620977954956020264369801
8296057143634878452722322984430116409266814065720144684589283357140225691860157
4040334159686395704927382781376728419708675519636171173674471146202059609424451
7408430783722938023621976629527370450513315095931673414495891448288932568329511
8962454658794845232528398932955288579936480549192773283725090584047982667730894
1317383857304114129805707288622316420109477472476030120428724901668061456204433
2932131499934551062688509923837493727636150894197907028434930659006906600344751
2501702371413688057484251685636252415157175208567171183502774659540772700517964
1274303143148951472979496618236123792073848138232362394470718823295716382881069
6291978177713186022911165239075412569259951528924097321927488071860593537809211
1132030628221714922788620900514746588151173980144810086737072502996448937064279
5389118377138118772744916618918626648624547086956842038447886938859003793606543
1184289555859577403449329748413411665638559250460862648842668131829861023226602
3891268887085148685251458663742960798695492295382689952324821073392503759327245
6019369889148601567705556202059298974907991262391454790700749690274190608899597
7466806058343861812050116666435864820140095452949971368771257600161363181864426
3388798978894932241288138048629754002589150436090100384298452720885826351207835
6637663625121848496037162938321645679843185099261931305263601823485354497637991
7274845270991846544585063651609915151232820521735316890333087317071162839610661
8355806052332561908182429845677130025431970059689509374320018228913856031181514
5382428294587187380867199844710591365695463531313385647361475197229477181419561
5379243879953367759656525968036060113296979434826432779418710827847415085170402
3952914281917219577366129427004144283751582090054055498491353039341788734768202
3907972631785528981553744899556201298422080903411658954793169302162931139084139
7274395068081709412842539876483742474744799186997394387058519435018357476538038
2005311277178772505401542551741267834477333697350394348390110096000368762429414
2044458736681712522896691652110609307116020532994208389374015712757066201251501
3170189569662217211120505486258174951841842274099425778221677693059888362085721
9021230072695824972715831233468932541675935527716137237559082373934274323035201
2461934782024550671900395491340263718085830661697485162785721682923620562199653
7607202180067219317711156392020470872341107911257487618883316859126872068220818
4499259952080520225664650752959560733497219610298063969553530640094980013700946
543987265086641806050788056705963082590820142604717872371668719402554327649933
1678693463807535225835739527406756853983648978391445951571596665917604406729622
6680525059723790892295935371026686994522067743119728318887708326525036078017771
9135459124001618612269496869959680879938825221667762208976375317931934490450771
9947592510523003207005228229937625906265368746349861213550015296696649989858404
4347719017334587850551597910478871952267452936366974010973702644476034043118849
5569610490757587550925736941371675124441689716251271113744065836216201678133142
961758253110311244749312289184463616341373352437742597176039127566698691242782
3040029917321412917792811715403910210877584140639113110216076710483356489901776
2665899478609551780154199104426973973798286386644090233210455391608994802481476
9850360163601054617601899792327162793168584302507741587179313862729084456613181
1332912343694610908491200427590114198807178854055048046296370223043689258440068
942733221257320664263969883007385970618766423136372711940998435834498573710771
7290461729039698802950725444352062496794147565957262606329531439401231748284455
9214878982904281019622026333223976947655133943982919588047681134600315351081424
4636717696954322919938773970896351236816353723763511116442436810276635480564144
3977845549904694585414619757306361780933048671696314041519804282837706686013954
8377467637508586422553971231710925633896504179493637949735571368583124157529199
3343606492057776165225729373289441785458649799638329249212852578649036468562071
5619395008097670505732840168334651578047595316482644285256615581580378661346471
6397341493324637065136659446486463374271471386059001363113229784100074393579313
6891779745042416291362016252267574284342405027490785487796942738228896031418411
6375824089215708084475604249528993639223524976492421811351202027532639727027142
4829996601934050260507298012879473101640200821077188164160888914119854692010111
2293997394096103563411105486430449001798713618794313197982893536743160514489096
5878794023871013053546783044261554245056373032112548581809870898135798695975304
7348415234871050870855019410389070140627105558032983357624665028428280423040394
794764277412316275739444818417687185180787582280433044917507541719985782131954
5934613933442178999837698588861407399269719997106138620935217721683142303055001
8076628482185739148283203073296053810454466611063594311437325701266265749609145
7959595378654673804282254807057923621696216301059440489107957642365751419311811
6944651301031271792769547326393774235663033663232114835662920302667666277270201
1843952233299131783411318676569668416652874774036357013661861448931049042819062
3441117823050752399365598619236382941313549635626256966472798501370931940164454
4916063378768912307437770894672243365094459634489156187335375615167050676608232
458341643898646469570786779866308038358175147220876300468129011649975267964428
6704511597133839689283068824260722011266801624436126326026795467442090010061904
9494698722291706497997816315947705731434573150241626868926700242684657559415381
1068686102342428752642456790573941706031496864246806652871500129219826981404595
1558494358685545531995904845504313087292063328914170470861760944166345298213491
8001883213970465762260991623020293029782449987501818549476542573533925337083548
3411431060134395837092741702504842250533238243152901789604358830799910112726701
3020574724753849414501521670497538536662762334651599481740457450814920523484312
8821145158151937779743745319641284515291234229058170464523174590233280491062236
5386509026172131121844025049787294735498161246914450315375405967066785687562582
7206832342527843683275164651017930080463659738184914972616974771385859450426502
664750138128144514838979470659779651641086282896984498295787883139477265859773
6327837391216473241217010131129415752755898374606951254407905556309347969394861
9151265657152293068749055198416951240607587455905474817949255682683602836239201
3470035442703570689182412871867186923062437453428052283788984770518256418819114
7361521976737894784660234705992601660082336255062190168595847703959319963721352
7600671043170345818765836872223157614012653711568499724047457302623567264683764
6161444628523222246621796514866570427776339618300015996409724798166465857654346
8413886715310631861093021971763122492248503110444665079685788079345761512345887
8740636812704753754691770891462620822555623261915499955485536712967169662418771
6485433587415541646061824630722023354883180105588893415685310749108320879372062
8782985816395306582172296450466520872154087848165128462565993787743242496046131
8647857042171512594282536763145166282425286452337553206307112409155335269261372
7093044348101214984146660678830790072636748483467099248040292972174040315929332
7234097662465828012003175949017184855955097952530442859370482605434243513943223
4036887931236408716260211426846249629214763545601272266190107381746382826305293
4195801497625405990566222618541396142791746551256889346717981617370359178839411
1054963319294985596805963773596762012396876601522251984357291635022616032201961
111955208524943716953022920559058113835202060126064114524677841230706560557071
3139134870212587497168547098364413135957832026092003822401253498269139059443903
32727333836672435243326377367493559484263312889688981652711213700459287971929
5343620002108754334783111309217617702423670384659108665086347366033152763369041
2845199498365798691174907151410990706157822453942946607091862445227976789528981
7425435155288964198977325891027330444308831616075062890550204021272174399736743
9703970408102482483245816006791293479618520227889762931158295297308216988785905
438538792665799626880640090971032725165183701327552682080530022811192021844047
4217614041503158725490162613349182278009348423123799944551371086925556553570362
9839156613807873641376091844340616147523497237235539562302577595026007418101871
1760026868633289961157382798686338667471248851582147971997539960355971538213058
1147267761623907384522827214788929960297277625587840999058850160985335935822582
8953107296741761679372652835268245359030842701263665078258895822060965012640593
3733161718214431615973850468021620192274079297037687648047327211605158533139033
7003267145351128263973891811018251166226894684169552374615772203302109783637525
8648977901499502733365657407797914555322470982147873654447644226581315234697382
1373356772716903296697372593802167390505729058533386220160801412444548888232432
3906082975942177100089108075902436907697216614319364137059380251143604137986832
3366668336253341666131651772850064398087029496406274461042770979829893399628628
5472684243973018546697336959130847716873554743513935162383585297411795456960781
9307243566841876097945381761121439221178312168371008228625840812704462517299042
50192941048124938627881563495780575063258574043987681921156593445305971567784
6328510954470027823531114199324726477882538747229110491928749590882535447094101
2541600955780188504505498532333487300474063391452357621181665945525797652240301
3449886642337256088478534387227501792082976340822226414361302023894720175974211
5706721686639235620132695962833015468123268602927770987036106754235028856708832
8200180799185858090695095507144082589206150901961410578260519416973247113523663
4402953520411722481926112656093400462283811766549108604381370095662128933874731
5593557585310305091410580033357094239138068889117474824376513732161533967408372
6277290232456629594500246126217748391092151703030742972621616136975538671438992
7878998317464725857443280142329049777437697134236530863727326828989991286699949
9621884131300828277388001235660546714226133397147480942271757340828762057559129
4621768081142162933947172151769676969275464459688294179039535217617147755441086
3556955489045544823485224450189554126552316418687275707292173257899351407417444
2992535307374726819954071610340750030419259721599192084080433831190605275871423
527511944286972232994423248302951206117164489282023185829100922522389376069575
3282126830328553520283629526957418346336052181408454326913112865890154757848661
2684756173985649535188913201661269837391999045985629774745072568235245779160541
4959093365967447715941091631198692409916713281383070213805538400513742337755491
8234377422344843318162841145892908396122948305667406087392453697336315709445998
1385886642467167450095959712069300673723894187054813687899197225444038392023341
4056438689777052999433118374144657708866778112573315676572706592506962058283162
3256409461130412980873655836864308271517880221330844169980222344480686782826021
7013409010830207352502545639324860476922479799100253221438067386336521150880431
6455478525230881999728085715656485378911104995138524075599299492547900151339782
4011326061272113414352343561976626571536369486962275945013796370917622772586521
